Sensor initialized.
187.3
18.73
22.31
22.31
22.31
22.34
22.34
22.37
22.34
22.37
22.37
22.37
22.37
22.37
22.37
22.37
22.37
22.37
22.37
22.37
22.37
22.37
22.37
22.37
22.37
22.37
22.37
22.37
22.37
22.37
22.37
22.37
22.37
22.37
22.37
22.37
22.37
22.37
22.37
22.37
22.37
22.37
22.37
22.37
22.37
22.37
22.37
Sensor initialized.
858.00
-0.00
858.00
-0.00
858.00
-0.00
858.00
0.00
857.00
0.00
857.00
0.00
857.00
0.00
857.00
41.80
857.00
41.80
857.00
41.80
857.00
41.80
857.00
41.80
857.00
41.80
857.00
41.80
857.00
41.80
857.00
41.80
856.00
41.80
857.00
41.80
857.00
41.80
857.00
41.80
857.00
41.80
857.00
41.80
857.00
41.80
857.00
41.80
857.00
41.80
857.00
41.80
857.00
41.80
857.00
41.80
857.00
41.80
857.00
41.80
857.00
41.80
857.00
41.80
857.00
41.80
857.00
41.80
857.00
41.80
857.00
41.80
857.00
41.80
857.00
41.80
857.00
41.80
858.00
41.80
857.00
41.80
857.00
41.80
857.00
41.80
857.00
41.80
858.00
41.80
857.00
41.80
858.00
41.80
Sensor initialized.
3555.00
15.20
3555.00
15.20
3555.00
15.20
3556.00
15.20
3556.00
14.12
3556.00
14.12
3556.00
14.12
3556.00
14.12
3556.00
14.12
3556.00
14.12
3556.00
14.12
3556.00
14.12
3556.00
14.12
3556.00
14.12
3556.00
14.12
3556.00
14.12
3556.00
14.12
3556.00
14.12
35
14.12
.00563556.00
14.12
3556.00
14.12
3.00
14.12
5563557.00
14.12
3557.00
14.12
3550
1..12
4503561.00
14.12
3562.00
14.12
300
14.12
556.3569.00
14.12
3568.00
14.12
3007.56
4.112
3566.00
14.12
3565.00
14.12
3.06414
50.12
3563.00
14.12
3563.00
14.12
3566.00
14.12
3568.00
14.12
3571.00
14.12
3564.00
14.12
3573.00
14.12
3564.00
14.12
3535.00
14.12
3541.00
14.12
3548.00
14.12
3540.00
14.12
3548.00
14.12
All sensors have completed. This is where I sleep.
Going to deep sleep now.
